00 08 00 81 00 00 CE 95 A2 32 
00 08 00 82 00 00 89 35 D8 E2 
00 0D 00 83 00 00 80 12 00 00 20 17 21 ED DB 
00 08 00 84 00 00 06 75 2D 42 
00 08 00 81 00 00 CE 95 A2 32 
00 08 00 82 00 00 89 35 D8 E2 
00 1D 00 83 00 00 00 A4 04 00 10 10 5B 39 53 D6 65 D7 A9 4A 06 49 6E 34 E5 F2 17 B4 93 2A EF 
00 15 00 83 00 00 D0 E3 00 00 08 02 00 00 2C 04 00 23 60 2C 98 F4 CB 
00 08 00 84 00 00 06 75 2D 42 
00 08 00 81 00 00 CE 95 A2 32 
00 08 00 82 00 00 89 35 D8 E2 
00 1D 00 83 00 00 00 A4 04 00 10 10 5B 39 53 D6 65 D7 A9 4A 06 49 6E 34 E5 F2 17 B4 93 2A EF 
00 12 00 83 00 00 D0 E5 00 00 05 02 00 00 2C 04 C6 38 AF 62 
00 0D 00 83 00 00 00 C0 00 00 04 48 47 8C 70 
00 08 00 84 00 00 06 75 2D 42 
